-25.155332078770417
-19.57663900123615
-17.03710947823911
-13.235206871499638
-10.419650179591287
-8.619578243007211
-8.190211396649174
-6.851823573418904
-6.19743342842728
-4.006560630663468
-1.364208845849391
-1.0907504259268412
-0.8339070239090971
0.309714099008687
0.32710580200525813
1.7382526587528628
3.3220140086916095
4.656793487269037
6.839870942281103
7.858312159025074
8.368945294860271
8.668783358246007
8.750395926614866
11.032102000348386
16.61654065867609
17.550352529599525
26.53922825180844
